nmse_loss_of_train:
0.0068821274
0.0048954897
0.0038906317
0.00358533
0.0034556142
0.0033684885
0.003301957
0.0032455593
0.0031946036
0.0031492226
0.0031067277
0.0030676431
0.0030308003
0.0029963744
0.0029630978
0.002931606
0.002901683
0.0028731856
0.002849686
0.0028314258
0.0028164962
0.0028028549
0.0027905605
0.002779328
0.0027686185
0.002758846
0.0027488603
0.002739564
0.0027304988
0.002721653
0.0027134498
0.0027052362
0.002697507
0.002689738
0.002682689
0.0026748336
0.0026673903
0.0026608568
0.0026539091
0.0026473633
0.0026405205
0.0026341656
0.0026280084
0.0026212537
0.002614964
0.0026089414
0.002602273
0.002596171
0.002589733
0.0025834828
0.0025773784
0.0025711693
0.0025653304
0.0025589694
0.0025512592
0.0025438494
0.0025367336
0.0025306651
0.002525463
0.002521276
0.0025169777
0.0025124194
0.002507932
0.0025037304
0.0024996798
0.0024957475
0.0024917645
0.0024880588
0.002484353
0.0024804082
0.0024771038
0.0024733935
0.0024703268
0.0024662875
0.0024631843
0.0024596008
0.0024568124
0.002453378
0.0024498862
0.0024471248
0.0024436777
0.0024406733
0.0024375904
0.002434517
0.0024311838
0.002427773
0.002424906
0.0024218552
0.0024192089
0.0024161374
0.0024129206
0.0024097485
0.002406627
0.0024034153
0.002400134
0.0023967605
0.0023932855
0.0023900694
0.0023867318
0.0023831455
0.002379548
0.0023757927
0.0023722989
0.002368467
0.0023641286
0.0023596925
0.0023555718
0.0023514938
0.0023474726
0.0023434365
0.002339362
0.0023361887
0.0023330024
0.0023300254
0.0023266836
0.0023241262
0.0023210023
0.0023183285
0.0023156905
0.00231294
0.0023102914
0.0023077906
0.0023055295
0.0023028094
0.0023007323
0.0022986096
0.002295615
0.0022935856
0.0022920666
0.0022894284
0.002287453
0.0022857117
0.002283536
0.002281451
0.0022799964
0.0022781307
0.002275723
0.0022743305
0.0022722296
0.002270843
0.0022689346
0.0022673334
0.002265489
0.0022641956
0.0022627397
0.0022610617
0.0022592836
0.002257909
0.0022564793
0.0022551978
0.0022537604
0.0022517212
0.0022503142
0.002248677
0.0022475303
0.0022462201
0.0022450686
0.0022437223
0.0022423223
0.0022409526
0.0022395798
0.0022386697
0.0022369477
0.0022358212
0.0022347446
0.0022337243
0.0022319881
0.002231212
0.0022299418
0.0022281397
0.0022278263
0.0022265536
0.002225274
0.0022239194
0.0022230444
0.0022215822
0.002220579
0.002219363
0.0022182914
0.0022173529
0.002216396
0.0022151007
0.0022138304
0.002213219
0.0022118792
0.0022109577
0.0022098264
0.0022085598
0.0022074035
0.0022064066
0.0022056787
0.0022045688
0.0022035553
0.0022020661
0.002201841
0.0022005253
0.002199356
0.0021982184
0.0021975206
0.0021960451
0.0021956502
0.002194655
0.002193964
0.0021925657
0.002192004
0.0021909347
0.002189974
0.002188624
0.0021873068
0.0021869945
0.002185881
0.0021846544
0.0021838706
0.0021827042
0.002182033
0.0021808746
0.0021801475
0.002179503
0.0021787814
0.0021775593
0.0021764813
0.0021757307
0.0021748277
0.002173833
0.0021730089
0.0021715655
0.002171102
0.0021701506
0.0021696002
0.0021681923
0.002167537
0.002166456
0.0021655748
0.0021644535
0.0021635669
0.0021626945
0.0021618395
0.0021612172
0.002159826
0.002159146
0.0021585273
0.0021570695
0.0021560746
0.0021553545
0.002154204
0.0021536273
0.0021530476
0.0021519691
0.0021511295
0.002150106
0.002149404
0.0021487018
0.0021473693
0.0021470862
0.0021459826
0.0021448825
0.0021439441
0.0021432838
0.0021423008
0.0021417188
0.0021407327
0.0021398931
0.0021389064
0.0021383646
0.0021378
0.0021366854
0.0021357764
0.0021345024
0.0021344535
0.0021337343
0.002132922
0.0021318935
0.0021315184
0.0021303785
0.0021298171
0.0021290714
0.0021283145
0.002128022
0.0021269275
0.0021259359
0.0021252073
0.0021246558
0.0021242797
0.0021234055
0.0021229333
0.0021218562
0.0021215172
0.0021206657
0.0021202224
0.0021192061
0.0021188913
0.0021184268
0.0021178043
0.0021168876
0.0021165682
0.0021153812
0.0021153227
0.002114369
0.0021136291
0.0021136173
0.0021125975
0.0021118864
0.002111508
0.0021113467
0.0021104063
0.002109794
0.0021096962
0.0021086382
0.002108634
0.002108103
0.002107365
0.0021064647
0.0021058603
0.00210522
0.0021045848
0.0021037876
0.0021033646
0.0021031625
0.0021024926
0.0021018833
0.0021015333
0.0021008484
0.0020999357
0.0020999792
0.0020989447
0.0020985939
0.002098075
0.002097597
0.0020969494
0.0020962637
0.0020955782
0.0020953715
0.0020944567
0.0020942027
0.002093194
0.0020928662
0.0020927556
0.0020921328
0.0020910627
0.0020909621
0.002090403
0.002089782
0.0020889093
0.0020883905
0.002088197
0.0020878399
0.002086891
0.002086157
0.0020859858
0.0020851716
0.0020846522
0.0020836506
0.0020838652
0.0020831476
0.0020821556
0.002081809
0.002081645
0.0020810934
0.0020803637
0.0020796207
0.0020790212
0.002078298
0.0020778235
0.002077573
0.002077251
0.0020763632
0.002075648
0.0020754025
0.0020745066
0.0020738556
0.002073454
0.0020733627
0.0020725941
0.0020721485
0.0020711208
0.0020708726
0.002070667
0.00206996
0.002069568
0.0020689142
0.0020684141
0.002067534
0.0020670881
0.0020668576
0.0020655903
0.0020653335
0.0020648364
0.0020641023
0.0020638602
0.00206294
0.0020628488
0.002062044
0.0020616087
0.002061078
0.0020600448
0.0020593356
0.0020595323
0.0020587114
0.0020579423
0.0020576692
0.002056953
0.0020564578
0.0020555116
0.0020552485
0.0020546992
0.0020541062
0.0020534869
0.002052713
0.002052534
0.0020513271
0.0020509171
0.0020503367
0.0020499716
0.0020495648
0.0020485886
0.0020475884
0.0020470233
0.0020467574
0.0020462093
0.0020457068
0.0020447702
0.002044207
0.0020438237
0.0020428973
0.0020425825
0.0020420554
0.0020410423
0.002040374
0.0020398947
0.0020396567
0.0020385692
0.0020378572
0.0020373869
0.0020366285
0.002036148
0.002035584
0.0020347775
0.00203403
0.0020334916
0.0020327717
0.002032599
0.0020317528
0.0020310427
0.0020304061
0.0020301372
0.0020291836
0.002028759
0.0020282231
0.0020273926
0.0020263514
0.002026085
0.0020255935
0.0020245998
0.0020242592
0.0020233167
0.0020225933
0.002021828
0.00202165
0.0020209998
0.0020199693
0.0020194496
0.0020188089
0.00201803
0.0020174615
0.0020166102
0.0020162892
0.0020152794
0.002014743
0.0020141334
0.0020135583
0.0020128507
0.0020120174
0.002011512
0.0020110365
0.002010151
0.0020095496
0.0020089673
0.0020082511
0.0020076297
0.0020072656
0.0020060255
0.0020057722
0.002005398
0.0020043938
0.0020040264
0.0020030246
0.0020025477
0.0020014658
0.0020009368
0.0020003158
0.0019995102
0.001998904
0.0019983044
0.0019976746
0.0019974026
0.0019963924
0.001995527
0.0019948084
0.0019946548
0.0019941109
